0.021190
0.006033
0.083333
0.395624
0.039713
0.006033
0.083333
0.152212
0.039713
0.363233
0.689660
0.000267
0.250000
0.000007
0.022762
0.909327
0.430997
0.000267
0.250000
0.000007
0.011302
0.000093
0.000100
0.750000
0.906823
0.363233
0.250000
0.250000
0.008850
0.008850
0.000093
0.363233
0.250000
0.008850
0.008850
0.142857
0.000093
0.363233
0.250000
0.008850
0.008850
0.142857
0.000093
0.008850
0.008850
0.142857
0.269365
0.000093
0.363233
0.008850
0.047286
0.000906
0.542403
0.363233
0.000005
0.008850
0.047286
0.000906
0.434494
0.821188
0.363233
0.008850
0.000906
0.689660
0.363233
0.008850
0.000906
0.689660
0.363233
0.000007
0.080808
0.000007
0.000100
0.000007
0.000100
0.000007
0.000100
0.000007
0.141414
0.008850
0.008850
0.000100
0.363233
0.008850
0.160521
0.031554
0.000100
0.083333
0.434494
0.766546
0.019267
0.363233
0.008850
0.171986
0.000052
0.000100
0.083333
0.000093
0.363233
0.008850
0.000052
0.030303
0.083333
0.542403
0.250000
0.008850
0.009736
0.250000
0.008850
0.505932
0.434494
0.821188
0.250000
0.008850
0.505932
0.152212
0.250000
0.008850
0.505932
0.542403
0.250000
0.000100
0.999900
0.142857
0.906823
0.250000
0.000100
0.000100
0.142857
0.000100
0.542403
0.250000
0.000100
0.050505
0.142857
0.542403
0.000267
0.250000
0.000007
0.022762
0.909327
0.430997
0.000267
0.250000
0.000007
0.022762
0.564473
0.821188
0.302727
0.250000
0.000007
0.022762
0.909327
0.821188
0.536433
0.008850
0.008850
0.345446
0.849386
0.257164
0.536433
0.008850
0.008850
0.171986
0.849386
0.206854
0.536433
0.008850
0.008850
0.345446
0.970337
0.395624
0.250000
0.363233
0.008850
0.142857
0.000906
0.542403
0.250000
0.363233
0.008850
0.142857
0.000906
0.542403
0.250000
0.363233
0.008850
0.000906
0.689660
0.363233
0.008850
0.005259
0.030303
0.083333
0.152212
0.363233
0.000005
0.008850
0.015777
0.030303
0.083333
0.000093
0.008850
0.008850
0.002133
0.417500
0.000093
0.250000
0.000100
0.010101
0.008850
0.142857
0.140339
0.542403
0.250000
0.000100
0.010101
0.008850
0.142857
0.037775
0.395624
0.250000
0.000100
0.010101
0.008850
0.142857
0.542403
0.250000
0.000267
0.250000
0.000007
0.022762
0.909327
0.430997
0.250000
0.000267
0.250000
0.000007
0.022762
0.016667
0.250000
0.333333
0.895400
0.000267
0.250000
0.000007
0.022762
0.909327
0.821188
0.250000
0.750000
0.536433
0.008850
0.008850
0.345446
0.970337
0.542403
0.250000
0.750000
0.536433
0.008850
0.008850
0.345446
0.220077
0.395624
0.250000
0.250000
0.536433
0.008850
0.008850
0.345446
0.970337
0.395624
0.250000
0.250000
0.000000
0.363233
0.008850
0.008850
0.000007
0.000052
0.030303
0.083333
0.564473
0.821188
0.000006
0.250000
0.250000
0.000000
0.363233
0.008850
0.008850
0.000007
0.031554
0.030303
0.083333
0.564473
0.577776
0.000006
0.250000
0.250000
0.363233
0.008850
0.008850
0.000007
0.000052
0.030303
0.083333
0.564473
0.821188
0.250000
0.008850
0.008850
0.417500
0.000093
0.000100
0.008850
0.008850
0.417500
0.000100
0.008850
0.008850
0.003536
0.417500
0.000093
0.000100
0.008850
0.008850
0.009000
0.008850
0.008850
0.142857
0.142857
0.022762
0.476381
0.047433
0.000100
0.395624
0.000100
0.000026
0.152212
0.000100
0.689660
0.008850
0.000100
0.376591
0.395624
0.008850
0.000100
0.004644
0.152212
0.008850
0.000100
0.624459
0.689660
0.250000
0.106406
0.395624
0.250000
0.028352
0.152212
0.250000
0.359797
0.689660
0.000007
0.000100
0.152212
0.000100
0.000009
0.000007
0.000100
0.000009
0.000100
0.542403
0.000007
0.000100
0.542403
0.816230
0.008850
0.055556
0.055620
0.000010
0.768354
0.235752
0.002000
0.027633
0.008105
0.000100
0.083333
0.002000
0.027633
0.022411
0.979798
0.083333
0.396219
0.668594
0.000093
0.000093
0.363233
0.160521
0.000100
0.230700
0.083333
0.434494
0.973394
0.019267
0.363233
0.160521
0.000100
0.230700
0.083333
0.352843
0.821188
0.363233
0.030303
0.083333
