0.021807
0.006033
0.083333
0.395624
0.039611
0.006033
0.083333
0.152212
0.039611
0.363233
0.689660
0.001140
0.250000
0.000007
0.055556
0.909327
0.430997
0.001140
0.250000
0.000007
0.055556
0.000927
0.000100
0.750000
0.906823
0.363233
0.250000
0.250000
0.008850
0.008850
0.001441
0.363233
0.250000
0.008850
0.008850
0.142857
0.000732
0.363233
0.250000
0.008850
0.008850
0.142857
0.000132
0.008850
0.008850
0.142857
0.269365
0.001436
0.363233
0.008850
0.039543
0.000727
0.542403
0.363233
0.000005
0.008850
0.039543
0.000727
0.434494
0.821188
0.363233
0.008850
0.000727
0.689660
0.363233
0.008850
0.000727
0.689660
0.363233
0.000007
0.080808
0.000007
0.000100
0.000007
0.000100
0.000007
0.001253
0.000007
0.128786
0.008850
0.008850
0.003720
0.363233
0.008850
0.186972
0.031554
0.003792
0.083333
0.434494
0.766546
0.019267
0.363233
0.008850
0.086762
0.000052
0.002936
0.083333
0.000000
0.363233
0.008850
0.000052
0.039261
0.083333
0.542403
0.250000
0.008850
0.006824
0.250000
0.008850
0.999997
0.434494
0.821188
0.250000
0.008850
0.999997
0.152212
0.250000
0.008850
0.999997
0.542403
0.250000
0.250000
0.999989
0.142857
0.906823
0.250000
0.250000
0.000000
0.142857
0.000001
0.542403
0.250000
0.250000
0.039584
0.142857
0.542403
0.001140
0.250000
0.000007
0.055556
0.909327
0.430997
0.001140
0.250000
0.000007
0.055556
0.564473
0.821188
0.229037
0.250000
0.000007
0.055556
0.909327
0.821188
0.536433
0.008850
0.008850
0.813028
0.849386
0.257164
0.536433
0.008850
0.008850
0.086762
0.849386
0.206854
0.536433
0.008850
0.008850
0.813028
0.970337
0.395624
0.250000
0.363233
0.008850
0.142857
0.000727
0.542403
0.250000
0.363233
0.008850
0.142857
0.000727
0.542403
0.250000
0.363233
0.008850
0.000727
0.689660
0.363233
0.008850
0.005259
0.039261
0.083333
0.152212
0.363233
0.000005
0.008850
0.015777
0.039261
0.083333
0.000093
0.008850
0.008850
0.002133
0.417500
0.000093
0.250000
0.250000
0.018003
0.008850
0.142857
0.140339
0.542403
0.250000
0.250000
0.018003
0.008850
0.142857
0.037775
0.395624
0.250000
0.250000
0.018003
0.008850
0.142857
0.542403
0.250000
0.001140
0.250000
0.000007
0.055556
0.909327
0.430997
0.250000
0.001140
0.250000
0.000007
0.055556
0.016667
0.250000
0.333333
0.895400
0.001140
0.250000
0.000007
0.055556
0.909327
0.821188
0.250000
0.750000
0.536433
0.008850
0.008850
0.813028
0.970337
0.542403
0.250000
0.750000
0.536433
0.008850
0.008850
0.813028
0.220077
0.395624
0.250000
0.250000
0.536433
0.008850
0.008850
0.813028
0.970337
0.395624
0.250000
0.250000
0.000000
0.363233
0.008850
0.008850
0.000007
0.000052
0.039261
0.083333
0.564473
0.821188
0.000006
0.250000
0.250000
0.000000
0.363233
0.008850
0.008850
0.000007
0.031554
0.039261
0.083333
0.564473
0.577776
0.000006
0.250000
0.250000
0.363233
0.008850
0.008850
0.000007
0.000052
0.039261
0.083333
0.564473
0.821188
0.250000
0.008850
0.008850
0.417500
0.000044
0.000100
0.008850
0.008850
0.417500
0.000100
0.008850
0.008850
0.003051
0.417500
0.000188
0.000100
0.008850
0.008850
0.009000
0.008850
0.008850
0.142857
0.142857
0.055556
0.476381
0.047433
0.000194
0.395624
0.000194
0.000026
0.152212
0.000194
0.689660
0.008850
0.000194
0.376591
0.395624
0.008850
0.000194
0.004644
0.152212
0.008850
0.000194
0.624459
0.689660
0.250000
0.107157
0.395624
0.250000
0.029006
0.152212
0.250000
0.841435
0.689660
0.000007
0.000001
0.152212
0.000001
0.000009
0.000007
0.000001
0.000009
0.000001
0.542403
0.000007
0.000001
0.542403
0.748541
0.008850
0.055556
0.055620
0.000010
0.768354
0.235752
0.002000
0.027633
0.018731
0.005055
0.083333
0.002000
0.027633
0.021918
0.996142
0.083333
0.396219
0.668594
0.000093
0.000093
0.363233
0.186972
0.003792
0.230700
0.083333
0.434494
0.973394
0.019267
0.363233
0.186972
0.002936
0.230700
0.083333
0.352843
0.821188
0.363233
0.039261
0.083333
